1000
24 1
4358 754
305 794
656765648 74834352
685468554 881331446
967862029 136674814
437642303 511857697
177037707 365962293
384139213 482782822
159067539 605132461
802915221 554784779
979057805 537442195
989237666 33262334
962207831 681554819
289975913 392897976
975220498 844179502
497126794 699362223
159205089 123594911
994986101 106524810
132969980 196585857
924548727 139730301
737600902 491499098
731422353 386777647
236426934 138773066
455187733 954649250
690338737 72761263
148505695 264894305
546520702 387431812
534158570 372341430
400361064 949140960
626845791 243154209
40678909 206016509
355701677 560598323
196019977 943380023
832525171 373774829
655248250 415084110
14429423 176370577
165934283 885965717
590823858 739953012
247239657 134422317
66858351 216641649
118645236 374854764
983689415 936478761
69133209 874304855
251898371 657301629
279864546 389435454
437071004 698676265
396113006 301086994
955794531 260684295
714645233 268654767
629195590 636604410
381153279 888546721
49178353 124488484
106335861 319203576
41055500 254244500
548380137 200765500
548237832 454462168
708198905 25150614
711780114 695519886
649189347 478610653
631951833 816948167
604255584 233444416
411766734 392275637
980430933 227269067
647805933 346118298
154256266 19413887
586442986 58057014
668663122 568772081
990215325 433437305
565216781 722375484
234981951 166418049
701139320 247547608
806174475 197025525
989760818 969139182
846018 860653982
795640442 22959558
985324567 163675433
845920333 770779667
270567689 302032311
101640571 917359429
380127948 676872052
356459079 940040921
815904778 244244730
835474143 296779837
681364210 302779277
645963751 25636249
496593478 557406522
926711877 398294503
144421446 356678554
70406066 679393934
87574893 321725107
773541297 498558703
419347099 150652901
288564328 116535672
679489901 3728570
512520836 688779164
163707639 327892361
394428947 639871053
356214113 213585887
48792616 43003811
893012358 568225312
503644230 77350556
174325603 468774397
781953298 288648431
138143607 932456393
469706698 499593302
441175794 769224206
290445288 893454712
338061372 585738628
273348573 711951427
993324652 906575348
543432723 757667277
985547981 887342051
270731773 5568227
639608664 292591336
931988478 573589150
891641828 259558172
538365311 195034689
259047683 359052317
216970881 252101892
236379716 418520284
470868408 72531592
174652212 752047788
206051472 296146257
120907708 247515641
978583048 81616952
889508293 662357449
169135720 110464280
102976798 431323202
588806104 311193896
2182857 990117143
31246979 721253021
618344942 414655058
618947965 274303946
477448357 904651643
854690724 376168645
36281154 863418846
444813060 843786940
355645057 75754943
687317688 914982312
775567830 418832170
821449 146538643
809322336 555086317
697860066 651523445
185261163 823338837
37900202 708599009
940209196 68485483
105934932 566421375
559431939 609944157
374138412 933261588
803008105 262972171
93757984 681882083
896813729 639586271
890995940 564592771
946761495 581538505
2870500 66958134
504135534 385364466
753336679 395763321
316960307 397969025
978796288 587346978
66572479 84027521
296622095 312477455
774727979 428767452
122832072 291967928
563417623 965582377
227132335 652678345
799696804 753814767
901438691 763761309
920180456 848319544
837638629 555961371
132025524 653074476
652602740 866608743
793634734 262965266
467195238 595813770
341537234 884862766
371895137 38196011
251894191 959705809
117715406 47284594
250320798 716221100
673291291 716708709
520826832 333273168
326950144 711149856
376028899 563571101
160161271 630238729
949908544 943291456
822739523 655965846
580850872 538949128
700767885 527899123
948610622 935060773
703981765 878592291
352207538 854592462
612408724 529178297
847116267 648583733
826205601 517536390
12281693 806018307
85762871 117437129
665508327 313691673
363784345 43026162
589370313 992529687
820380563 409019437
376491361 548575127
877723284 821576716
92376631 86623369
590242164 855557836
519829432 780170568
20143002 331247038
198944256 529355744
537365301 561334699
144468267 645431733
108466810 905633190
416172592 930636428
878293681 108081958
801649264 346650736
827256522 112743478
202423436 373176564
517481077 296875679
194781719 813518281
474495851 371604149
731991615 425008385
473414683 33085317
7048653 113851347
432108016 913691984
708080931 461219069
366736616 828974665
875497131 797002869
272863056 779436944
967847680 548152055
324149786 982793376
269977332 130874144
919087921 603273548
172622503 961377497
822167673 445260477
595140554 969159446
296354592 404945408
428192756 967207244
795544142 198055858
180210641 31788013
248268543 412355134
361408508 974176167
747299150 726193410
866091964 397508036
923347332 921057521
491595248 452305875
569113623 491386377
87474537 958512826
120982963 970617037
971265939 687834061
793980667 514654723
317273372 113926628
641616038 220383962
99308722 628571546
82511297 504388703
314380632 8919368
55769329 547330671
745552731 249645518
140386685 569813315
170174216 986125784
87114204 902085796
688174662 695588893
307402915 648939822
474132750 331367250
200872495 542727505
352465389 895446413
786420884 153665989
222137471 753362529
595245309 305839794
643889050 246310950
116195126 902643512
796868819 143831181
219197719 570602281
401530322 2669678
306215744 771833967
838254440 424578607
402907679 702524757
100548675 201151325
910359489 308123423
55303320 537796680
907540512 838059488
938197470 767473388
519308573 577391427
504651847 858748153
73471740 80655817
716769724 753030276
442766134 652336591
950286578 654813422
50372131 932554496
23566604 274733396
707474084 596725916
867337359 49062641
638099347 508800653
413022870 123877130
382695101 413904899
775850699 616249301
862578737 384321263
946689489 80410511
655320415 179801127
136225113 976774887
310769985 156730015
966249584 604450416
595665757 875734243
99359803 107321239
801422758 957231222
668656098 350852181
836884071 969498186
404246681 907123639
8707791 907992209
50026832 929773168
3050076 514986229
376540868 257359132
128156241 271860379
6840421 109359579
241291042 432208958
337979256 293220744
129771409 758628591
199947702 941807729
889575460 948424540
288468419 190653915
737434081 678965919
688222540 28277460
450547080 805248321
385152852 8730863
451599526 987734127
512289395 459210605
909734989 960365011
997810610 244384761
874744262 55364397
511247350 752052650
651959456 90110063
589369443 907173692
118787526 782722004
2721081 423378919
482536151 168663849
702000596 149799404
187968404 677831596
787718392 885928075
393866565 673633435
570949102 709735400
826752390 98252594
68607571 815922407
533805316 874602657
445484613 530715387
441474885 375695810
236019002 700508374
175406234 194593766
628245630 534954370
357486404 401713596
585705669 859945406
854246911 729853089
618538941 346061059
98395809 863201239
164630926 608469074
795011165 227991671
80872295 4142915
430216104 827383896
352556177 312643823
353490977 896873728
143847589 325423697
224132763 850067237
206715895 84784105
673300832 594095923
364739013 378160987
428325143 177338477
883661348 241238652
950277442 835322558
346156151 702534261
215376636 475429165
142106234 766093766
905393013 830805822
170286567 173457471
574819988 171087620
326917193 950682807
650197519 975502481
644875441 460524559
25302141 252597859
168272084 381363256
878729336 29970664
965075632 397624368
822492631 52003296
839758067 855941933
589729542 674670458
27829637 16770363
122355612 734244388
202376798 492423202
64016913 10583087
338876871 895738281
737086996 482413004
556201026 125688432
482399957 758000043
337305097 358040656
340593152 689706848
981167957 549532043
260203566 768096434
104710956 970489044
528701929 448808528
93866228 892533772
153882340 209049034
965777052 334922948
369436400 471663600
911853331 595257713
689592687 451048817
728193638 266406362
29056094 786243906
998292340 168807660
886092371 36412431
921812909 718274839
51342488 187240515
13916795 215082399
169089298 376711115
729194736 517205264
850161012 828838988
505100567 449333705
825266578 444633422
581923783 142776217
124489826 845710174
573289454 465710546
310694326 280605674
167486240 430306994
959293086 508006914
516127530 473593654
781934909 844865091
557320106 409385016
366776612 659350385
769522573 525677427
931690203 391309797
583519255 136607281
302301393 734798607
767140753 497059247
821498394 469804094
474457905 338542095
670994547 318689819
864783807 833600373
627730511 594292772
443400028 344545702
727488100 391111900
187868159 39224433
131683996 735016004
847467320 372932680
98759625 573040375
225014800 785885200
235263610 636236390
946401690 28798310
438156569 724143431
584500464 330188205
555657713 332742287
523359036 551540964
809710758 453789242
432592360 741534876
913776668 304023332
329787525 818112475
900619398 969864032
883331459 775368541
221250389 690749611
429460271 65339729
192164023 8735977
345930921 729874553
705540065 709802857
891056021 507942274
575978351 681021649
315322054 433677946
714378072 916662527
161148689 815451311
127124585 557175415
596235283 244476842
209531776 990168224
439109106 383690894
748132385 206367615
665657005 927142995
407553085 534446915
503256843 641043157
467504066 460324759
854489850 213710150
787140159 809059841
391375168 286824832
829758531 506741469
279652172 106747828
315239751 587171242
453124569 150875431
209935015 86943078
720246233 863936642
745586734 905598701
61518665 284181335
970722930 246877070
775527933 382772067
730773771 444826229
374533143 552725009
127654052 129342451
720445358 115495518
430064998 580135002
333760231 766390304
679542150 30092887
680674963 104825037
704223674 263477930
564060355 310975350
613404809 904995191
247912959 654687041
479422860 247681521
62006960 160668102
423986317 24713683
221249590 895050410
584321585 271923583
196774162 55993552
323934129 964034699
602639805 411460195
796373027 113126973
400114617 820832033
779954987 40745013
704536511 536385215
51616448 142083552
81274514 237278852
49849253 768150747
611378334 932521666
624532596 647667404
227697668 26802332
100739007 245060993
425295363 382504637
546710748 385689252
800059659 668940341
954718557 719381443
48319069 787100292
403812319 813041855
615318338 955381662
337646685 685153315
855804326 101650051
507833848 287366152
923515740 691184260
392320647 967579353
841531069 731897154
401190786 687709214
662409141 170245949
864261480 768638520
650216884 613983116
614411209 120613462
279954130 218189928
318119972 642080028
456993559 286206441
757942601 132457399
496590023 920209977
690692673 209983921
57022738 368388573
231887702 152212298
66470860 903629140
760716946 803898034
61562466 46315262
603411891 466188109
799009486 211619586
294925600 127774400
478400439 287599561
653056049 232543951
405127007 526472993
642587865 140650514
722083130 952616870
66251661 989507114
787350573 264849427
533228636 873797456
55950748 112913981
288509356 219390644
327488817 529911183
447528238 716671762
968269184 943687344
657870398 293429602
434435287 437964713
927284753 638815247
289813202 533286798
921100271 778799729
138260781 148386087
684434806 423465194
583955623 325723846
826584847 740085934
677013106 841286894
297785912 233914088
491035592 58840974
517501904 718333031
806508983 576058760
931834406 929553291
554627442 849372558
152842978 796557022
520662206 976530347
27437905 164658450
553111360 686788640
362001309 833698691
489740876 430159124
935819251 570780749
197244132 27015889
189270682 822929318
982473837 359703680
58139626 13460374
401892847 359607153
572365509 972834491
484961591 159838409
379655422 595547492
422910688 944585730
972016418 215468918
985948019 152551981
483906685 829293315
361377265 893222735
675231979 942837899
811203127 463496873
193149468 301234963
714089727 514610273
618664053 877335947
266588845 770711155
696668018 714531982
33442442 525157558
64049225 249650775
998383785 868179441
887024817 449275183
993349339 670955712
722349667 170450333
396454769 227945231
535610618 572989382
204876386 909709102
969663648 382136352
576642748 424214251
420340464 67659536
595997877 8313431
374705817 120594183
776488758 845184061
665774083 43525917
698632654 4467346
465579814 558720186
138526833 411873167
335369337 559130663
209398252 480501748
341571854 347991176
858534962 307106597
747980456 129098644
663928194 797943663
302812660 39370254
490847534 927780332
268137516 786762484
629694384 850605616
688007738 83092262
303902351 452877253
96348129 383118476
880503772 569196228
129576566 370123434
482399861 126588620
286541286 502658714
158420213 806979787
625691787 319608213
370386817 998553541
491015158 974284842
251985960 956320322
909850220 284633846
929594879 427705121
61495985 287591007
561793196 174106804
921762165 338437835
425316294 154888318
849308921 784691079
274904254 31695746
300532484 684067516
387413237 90932096
194590162 312089376
86132367 250767633
657033110 447066890
928429858 601890574
649430484 992669516
839676676 621223324
652834270 551265730
867642957 154357043
721686085 505013915
975949417 409450583
77702150 497797850
828973322 762926678
222686938 890313062
890113841 339586159
664373557 684926443
24146278 759810688
777217656 824382344
124666079 355511351
194202498 826897502
616363567 331436433
640993899 249999251
364439422 170960578
406391669 605438633
440683715 243916285
375209806 309241316
522400205 30299795
129675536 821100280
799940062 693786451
154130014 543828068
637910303 830089697
33253112 794546888
860881401 696950231
174555820 733411237
259247135 718152865
223680730 433719270
19737932 548662068
766571661 57830639
800670046 326467413
556800755 746499245
752839961 397260005
919501654 694404234
189499971 118800029
79320096 708679904
227958106 236041894
865057592 957680299
856300349 866199651
293670852 353629148
949102027 211301598
97460985 868876992
323643872 888956128
811794045 189505955
618363949 741936051
45365673 763063387
484787940 801116828
451785114 948014886
75935119 678864881
369780891 621644588
426358218 624941782
983699405 968000595
593075441 322024559
988810636 626889364
461591415 221008585
876215435 648384565
539218687 826481313
939859221 268140779
133983260 8516740
118496806 310171124
543282254 899817746
889808169 301591831
86853821 358346179
660687426 926112574
15230272 562869728
794942528 284657472
865237765 35550657
522039165 67060835
676093449 505830845
147549540 283150460
696614885 839385115
223329497 975970503
82592639 478207361
789566731 699533269
220810249 773889751
238499715 931100285
280362990 681137010
586195867 395004133
876380354 503663703
900176853 444580254
384738486 987134237
813827750 557872250
46142951 292657049
372288702 216311298
730174332 806425668
111376321 610744746
915562346 441368539
37919181 968218325
846487814 235080516
317961790 696738210
947996400 169133446
830182368 536927085
84250052 634649948
104909319 42790681
469591396 632608604
398849650 811550350
718874279 547125721
169622778 491377222
174866808 795933192
713195180 433104820
794986830 721739214
21349847 527650153
945026062 757873938
372034342 826064090
896746520 259953480
871765351 563346755
742995711 295204289
206936471 582863529
286369313 586130687
440547668 494298915
768084788 625115212
655740771 11659229
12106543 219193457
280728769 228771231
159158291 992441709
368768019 138790491
215980637 971619363
898514106 181485894
33026460 600625611
253412862 650387138
604215917 426651488
232536918 871004861
322584449 606615551
133341352 677532731
734173421 168926579
985887700 447912300
853920184 214279816
96395609 375911081
958457586 355942414
703114818 762271165
661408915 761791085
805182400 61417600
586172724 427727276
345842680 185027934
720916295 183583705
284206791 564710226
533533375 391866625
679052036 541130833
302389727 207729862
972222510 212521975
747891875 593900500
537696487 441503513
289682395 913417886
275886221 855297129
100400441 400899559
363859192 194399743
713973532 369626468
471302740 960997260
377617254 446482746
841765174 790687410
569868624 861874958
822015060 921284940
319709011 295104491
849116209 633464903
642117408 177330460
112760042 710839958
647438844 2661156
263362244 424837756
149932264 426067736
362878898 420982828
570984357 213615643
797291476 824977766
519001875 632117795
499236144 608163856
992649202 675050798
735163294 903742116
453003753 80696247
555569330 267181374
74257787 330442213
891055506 728744494
219091928 138308072
249348466 551834579
372546449 128953551
711211720 439431523
715725986 198174014
345085134 170814866
61809102 458790898
512142919 321957081
109943184 440356816
34346181 246457197
731708997 929074653
882775087 8424913
486959919 384740081
576369706 764971779
897366 138645011
900711726 714488274
903068666 629605927
834998592 995901408
82925944 99974056
470572420 532827580
219052556 924747444
726024949 491718368
924588286 203807723
887313177 334286823
645017701 818693944
550512851 503436526
40642865 724300818
385723980 715080919
530534580 970365420
175516606 500883394
954179903 720620097
955656293 853743707
395067258 253032742
126226471 456907216
760003955 101796045
397847968 983952032
568572177 817927823
72744388 878155612
14953269 576322488
455146760 430053240
531592586 505507414
29898392 511801608
234020250 184536427
554247055 546753344
247837659 513853358
16365303 579234697
166528016 147291928
90127242 371872758
505044777 68655223
455694229 449805771
383027203 334072797
936584735 218515265
871127940 4172060
257052526 309747474
555394622 287360331
58643462 797007268
364699927 904000073
61800977 71253509
293447027 768252973
50176504 184823496
584193418 395106582
853094367 184479973
946989893 325510107
808922368 108777632
350524541 381575459
335049902 274650098
676350760 81636600
588479725 628520275
271419449 876278249
888048438 839922624
922724618 564575382
189559039 542540961
532498508 23101492
942806283 929993717
263310501 109689499
287828882 179950003
516723792 57676208
403102526 281597474
837171352 740028648
215272832 132397265
998883387 162416613
156153744 435846256
352177438 496922562
774503535 410796465
120501174 811498826
835383939 856216061
284363072 195979576
458153648 898117205
505623238 774354119
118357934 106407
35458302 500641698
445035256 710064744
970176400 314923600
575705166 296494834
937443282 493988504
268048791 159951209
899730457 206569543
511374379 821825621
392478013 513465938
879557459 254942541
954740265 877759735
378902251 303262875
529460750 689139250
21794810 171205190
53033452 97865871
654486212 339313788
765445707 577054293
660318735 320281265
773599656 805459804
434590281 369709719
879922780 686877220
847375741 341124259
893756313 817043687
102422002 468077998
699258978 880341022
525558847 871126338
839869703 359885200
493678370 560621630
13996464 577803536
376962134 914637866
451663036 244221110
391558097 390941903
759491855 680808145
858583561 284616439
181331218 109368782
671847166 440752834
612792110 701507890
302026205 852673795
279426509 474376725
654908495 841791505
379507543 218056656
877109285 131590715
804430542 541069458
317483007 56737608
554171030 729928970
333205524 32106192
693951159 609478988
355566941 388701498
620356411 585740903
201355254 529544746
289159415 697617003
639759967 321140033
250603650 234337906
611087952 260812048
205280989 662193214
662392086 504207914
951259903 441940097
30006867 891693133
756819029 238980971
395266403 225374948
648574246 670825754
308835130 723964870
835832078 109367922
181917348 141482652
559318885 717781115
139351254 581527354
466290845 734209155
274468320 755431680
261826525 712949670
793513466 773286534
478069672 835930328
160797479 964219522
721350231 252349769
184131481 139768519
184331148 4868852
676847707 38386033
384346277 187953723
886991667 686208333
196931035 63568965
322082004 747517996
