1000
12 16
602436426 24979445
1861648772 623690081
433933447 476190629
262703497 1211047202
971407775 628894325
731963982 1822804784
450968417 1430302156
982631932 1161735902
1880895728 923078537
707723857 1189330739
1910286918 1802329211
1404539679 303238506
1317063340 1492686568
773361868 125660016
650287940 839296263
1462224593 1492601449
384836991 191890310
1576823355 1782177068
404011431 1818008580
1954291757 160449218
155374934 840594328
164163676 797829355
138996221 1501899080
353195922 545531545
910748511 350034067
913575467 1470338674
824284691 1533206504
180999835 31262034
138344965 1677959980
131381221 1846045895
1208032501 346948152
973708325 1506147731
893229302 1816248153
1298309896 1037119022
455797489 215208399
190870607 1189766466
554374432 137831502
1694053968 47628333
1469187475 1409233792
1810900084 888987010
799979694 1087027328
1575207354 421624712
1666538409 1871216480
1597902643 509928121
1727751951 14723492
265804420 1569328197
1234828607 807497925
1360472167 1537560717
1613363438 889089200
1741106986 1846216104
1325976483 1076823620
1279509806 242790881
9676858 1792345559
1322056553 632488502
444723554 70422962
1027172325 1026697435
1040309279 1992120464
751627327 499482549
277429832 1736386595
1471708200 1940778720
1417787658 306890639
248789992 1849130
1203226467 1672298989
938207958 1331602581
313746600 206347466
1864661473 1149811929
1787179775 316412581
1803189770 927999455
1116383718 1441504628
1174616807 673419335
1374281898 1198091552
286986530 1599715811
702179569 441414148
1527003384 1080656954
893508913 1110880114
519216315 1233703686
1370689334 1209550382
846701392 1214278326
1574671008 1936333553
889270962 1989214957
121514850 1989248231
1935422061 954621185
219371588 909664305
394002980 1887357564
1317441890 988670052
414068747 1922390943
1067181740 1901347593
1602287469 528977370
383612516 817020443
1753396007 1081469525
83003299 1101430412
1092357163 801006699
318863571 1099958976
1258387455 1458482217
1969793590 770179343
713114427 1091883220
73141342 1087104584
1192884239 1008454496
1327965875 269122601
201731258 1483571449
1432443377 667480040
643537428 1926138238
1668172455 1897273517
810971653 1774034433
1675811768 359911957
782327307 94576456
1661126878 1741452977
1442045368 171601999
1679854882 1723473541
923371826 1636973764
395943269 663851401
1955122098 1537058698
860076763 1013801515
850385413 997981495
619696523 735514571
45480206 953758357
916445904 1812053310
446521410 581335844
8347611 16497484
940090410 1646193559
720649262 1173401394
588958949 87041107
1576768546 137832737
21197987 440404979
1721022306 749994685
249589291 754905542
467186542 368799134
812811094 621852751
128792089 645010898
387235729 678710212
840829964 1318238297
1157641823 1871640720
1028415297 341882280
889704917 587344338
1275127176 1441798183
1534407965 1842635740
1816353541 945829555
467510003 1111963316
457518256 1069066013
1385837611 1051853974
434654931 145402024
1607469609 1129816176
112700304 1350891151
1893284199 1469899876
891668825 739168893
304253939 1732593737
1522944374 102338323
115876846 791115819
1190081154 957165157
1139980814 1698886343
36571886 1452291197
1644803100 984611856
1181091709 23953879
1640815479 222572461
1656643014 531569123
1012729744 1635265400
1327847094 592429447
1496359020 1633009152
191773963 867979674
556097829 707998984
1076819930 1820585322
1135106665 1913072646
312069385 47739191
691631353 1244157605
1298097110 968374453
816013356 947090243
1742927694 1936531854
326152297 986313075
847599831 1590890974
1341708720 283891837
672470695 1897009845
738587154 22451673
1966495306 1022387865
1774825524 380160952
1435411231 1218915329
14502353 419646331
1320425692 754648027
883663413 1208193081
868178438 1406765063
467569858 677847358
1216070266 386147801
505226095 1111818374
1406264807 1233105051
1652844868 877489478
1326729809 1904311304
1746167007 1735582308
1180302992 745164499
1540049650 289171706
1301768399 534977822
1017493698 396941015
1708506381 1973867267
873242282 1281450237
319497119 1396836111
1478539926 265553444
1524559788 1994309826
735799944 1338683702
1098771888 966876944
976165655 419053521
1860394489 1513566946
1749361131 973756616
3142445 1339701654
564794434 1119183522
1902534850 1644322683
346802542 476275226
1578980741 1832102486
273526101 974869661
615808532 929876961
851363568 1660381903
1980050276 1747314758
681389772 1109205766
373203259 353453224
1625405836 1719713741
890192054 881989018
505076325 1601655395
16266949 1116565925
141425056 628417850
157086378 1737632711
1187469083 257048184
35569790 1870552559
311455945 437108345
807780268 1495912322
1574707501 1707220555
788198772 1731661785
792456675 447691312
545698665 1504432321
1771024920 1600753696
1392982516 722244857
80507149 657850948
38233807 833444535
962621591 1503356284
1952563082 552351268
142420898 1242483674
1617400841 598270939
1273319593 1428263717
998816003 1873556334
1043272768 1183856471
916280965 1437681121
324531083 1649059103
199712366 360751149
705025732 463175776
1974517488 110242238
1171803064 956802736
296426773 1073678070
677762122 179021274
1931896632 538011560
1740937455 1369094748
1955071880 856476061
1408515889 1831486954
901405320 418102034
1375346733 437626345
1012851090 439139640
282088212 1639433717
52813135 1372908211
1718917037 599291483
887982144 381488668
1246061778 405700256
223404345 1339264127
318236398 1128098808
161359328 1901985758
1784914566 687984591
1266776371 168476076
1521285805 447504964
498209279 1258668370
595943309 215990441
763348329 1229118125
1626803429 1571910661
1102715241 1096321166
1022964870 1643669394
1528554314 872179513
628210901 19962687
97416748 585936614
1741829965 1413234222
1229941122 547975748
543082234 843648311
1843502997 1904382193
1993219838 1914403172
1001387006 631820803
529213711 1068242547
1013529136 1572685442
200548343 893913431
575037420 710482923
1219085843 89453239
1986106314 1975177903
1999698901 780512622
1189188535 1368345777
546078275 1123373321
1318712177 1430291404
1061926261 1306832972
1711374093 988188747
901281562 1564728237
1553891698 744764271
1585134836 1463020504
1298419420 431045101
1943974743 888635433
1621463897 1568711277
1200008110 884238645
518449487 1913613324
734400246 20653889
377665524 87425243
854664258 1360117961
193618389 366783581
76500789 1776314619
1156644688 1468286477
1954613899 571284025
1226309913 168626134
183691920 1583233179
779451065 1647468697
652194727 1159251051
1230397706 1858990763
502882500 810722471
375291068 1924525652
1613473266 326078850
211620052 833618000
818586319 1822365411
1260124456 370156626
902223115 1483777764
639921380 1472155517
1559083757 42439764
1456060679 683053801
1346008526 1173959990
64692967 1051693604
196280475 1891332416
1831790249 410751406
1513882199 4286557
581738954 543487355
1045411991 353546539
1632516505 1617483637
304075268 1846928254
530971066 1183199736
217310428 423654107
1920736932 1447285332
1108156786 1493312766
298872868 1220238159
179125418 771949652
1642999768 926551968
1844739710 1376139905
123606965 694961269
1433700475 923978460
1978396802 1144262638
508904516 1555949806
1014183002 1582432159
1063326222 969714423
723969326 275205906
963696419 1745638505
398374721 1505207875
740843615 920859755
1981685674 312039458
1778648246 1914881111
805736149 1377054997
1444687788 1202710076
296901378 1245402483
862773211 610607964
907212485 278609930
707678577 664785583
1935076228 1318677657
1809065135 603896671
448242685 1659288151
1919065195 1792491338
1720187581 1603709546
755189903 1822568836
507077801 751608433
999262359 612811986
814947193 1548177147
1639748119 1012922927
1627881528 292855310
495229747 1230869323
1828294 1745446305
1828117798 1678939399
1433293654 616751649
1386425020 852830714
1747368688 1748431088
1832107735 305210607
183444464 911816417
1576360685 603166565
740155781 886335166
846414216 1536335885
679118131 1325240258
1356682437 130056528
975232337 608441376
1840906454 175667143
471709580 691146618
1679600256 1821562049
1242260322 43222378
1897088413 464293056
577871016 1670256636
738597788 1077987836
873542149 1375000114
1349048828 1434476254
1896826741 463664767
718590164 1268117638
197664966 1173262669
858408270 1758648646
1041984542 1644609399
1993059368 556549925
818821235 986067151
1540020274 57504350
1226169361 1286008473
1554641106 1059874782
145244952 304368142
1182076035 1332667337
1330942460 1701348059
935604049 1514398709
1846356995 75794847
112154974 944502381
1035553226 582042224
674323809 1914664943
1586393025 1770781527
169848610 971728495
525232298 1700264655
412205567 1493495698
1956085790 1226888778
1700869995 1329369908
1868619016 568112300
127542633 1396743650
1706422312 1961445582
1876888853 1966816097
1842228881 1043738620
1957766427 1963973925
1829389355 82565240
1288875070 1721977050
1491824178 1356038133
1985526739 1484740319
1754884533 664015388
359199299 1328655558
1761757720 1869370122
638270861 144887766
1200555922 1286741456
94257601 32618377
1503860144 420528882
224728966 18988046
1637617104 186508009
1156416149 141418696
906492327 521447585
1970538555 1360286413
185404859 1608915963
1007858139 1232543591
1070804970 1412598860
152617834 190645911
1061026274 1237894876
1439260145 1044833677
1846242214 1102685545
1580041743 1122530609
1806308879 58187937
1050253940 648474782
1434804553 1025871531
385019495 1451046817
416006994 38573471
1522508865 72502590
204213886 862211593
1326187504 1138672172
1522581493 1650158954
383439221 671458132
1249003060 1195325623
1909210982 1737604181
233949064 1344043736
1104384365 1978362371
1529887894 553244458
1626943175 1776841956
1132612310 1738464254
1914591429 1906276274
1596510995 831297816
487330126 1944593883
1658384364 1497506352
1381562715 843419140
1416629335 1039480180
1024362362 183327874
1556344345 1990148612
1722388045 1623728607
344216654 506607221
900896520 1910565211
1172664807 1121786703
1560986613 1706952552
1703476263 359294351
1662018291 1995847725
1250708774 1640629542
1354694643 1329266181
1932363342 525561719
1899019130 155589629
484873953 195400157
1370816803 1902503001
1361853040 113348643
369101338 1297446671
87804773 541360906
1687593889 1724872778
777367931 88916678
1419755919 1216478952
1412078656 1250930049
1883833547 1948011261
888577434 437780951
479567318 171108430
1008867391 1756443993
446677823 1981964503
622011963 1625582346
1574524972 1454062406
207743854 1025330661
937443031 140740989
235555851 1227878228
329365263 1601051412
399177499 131189178
45040819 1396372436
192743672 274510571
1294644795 1555455549
103001554 1591393967
276199215 381260289
1094522925 1166366019
598676141 352552583
1383983969 803740119
332695015 1465810281
453651993 1016317200
1082588835 1449910518
111213781 583796616
1864295865 108639920
1600358504 837993545
1411177881 1311160783
126778490 532880214
248102082 1530532285
110311943 360630307
648921164 894669976
1122323933 301313047
1642176095 177893812
235186978 867768593
603414714 559078422
711438797 22509536
1636043565 732809466
246896936 1513230026
450595359 399087181
958890581 178994182
517883144 1763664179
397819589 1055996994
1678890232 384881794
1572976322 616706333
768424719 1222034246
1980572646 38662062
2230019 1227577147
648100770 1892759291
921258397 693035862
231218617 1326976643
1543287611 747492925
372334274 1648289973
714474064 1639479498
1313928873 1557932407
1736540640 1209376908
1369536302 1186779296
204790789 1547904581
1127354980 264430717
570081388 1298069613
1158580531 635198544
1460571864 452177325
1522324952 1065811660
202075550 1968799590
50073184 109102235
645590056 441114664
1164994352 610338520
1497603443 304489019
1692234112 1158100373
1854754448 1211232793
208084443 1214817878
1708566822 1545587953
1639052960 1131863700
610066926 1509430054
818442884 901276220
1204258614 1164762830
1958963982 1009442349
1923652447 365177396
1882071834 197720766
1001061215 453569111
1779302743 790318645
24769856 1222486377
1050225353 697253713
841245343 274400592
1369584967 348825537
1831491374 26996264
1780964862 1916411562
351540018 1641283774
1806220268 1406528293
138583557 1270883607
569900645 968262334
521345173 1615878375
932280210 1770079222
1360381923 457988635
1171238637 1895405762
239127430 112075088
464788423 205607179
1667905574 463685721
336104387 809364780
879836673 1386887356
1773976920 1918788727
1087518569 1297700405
1664674386 605847472
611974979 367824179
565677649 1302111120
1672488841 840803670
780905800 616613699
1540672457 942747639
1440522751 1828095723
923648933 936437408
1891925138 1588992539
1209290065 749254031
16108785 1899116124
913678360 269621816
1640761694 1638207915
728659672 95163840
1834338545 1894443257
1850133121 770924419
1903801879 446954154
334260377 1577285518
1162211599 1703619863
1678472635 341479717
1940938348 260356364
1245170707 511519039
492805526 170565706
1005223396 1859854597
138486600 699204614
956482562 148785239
1246708755 1627555688
1422235736 18125894
1961950938 663860749
1753776228 1101734299
1022648149 833512070
158728118 1499354959
823623822 166183127
80898677 1306181905
1074160486 1500540152
895309785 766046659
1476962577 1420882263
1979560114 951883261
605691286 351978837
1883315680 1777113737
547830352 190040004
27133656 298653413
436315247 1020031344
1344968742 1127723972
169764728 1786633107
396719589 1128767885
266229697 236616286
971372104 1686685403
707274998 1173378935
1283864597 1378088699
1323792535 316712053
610450725 610824305
311666807 286471526
499347686 1710674803
882553151 109705035
1265581785 911933548
1151802600 651130518
713782548 528726651
93422917 551807410
952556224 1992340977
1987743351 1267281787
314622620 583032535
787746166 1484067266
434688376 924885861
1662445199 1308635082
379394235 1347660428
1108877281 710524110
1528052958 27414126
1665456095 311597689
1579632623 1160763104
833232849 555217772
101488655 1758245871
1466683986 485542331
174051828 1912288344
313739731 313213296
1658011496 648151054
1014653719 1053189895
1840033224 1315726007
417016757 218875376
623164549 64203312
385028250 772650769
1504088998 387677445
1024191620 320880449
1865083461 315839737
1381483144 1701134798
554002702 285702532
1668535436 594626296
686634179 575528528
796312013 11717236
1080190138 409640380
221479259 1288918505
1000565085 1748951897
531754136 1272364918
661269161 913495663
1895302589 1012675627
1863258800 562517113
1815204438 1888649867
665856023 479210404
878985664 1441308944
165123224 695198037
986457010 905108647
383113089 1837444256
1375071921 985218864
213283892 554525905
1456256666 1037237759
89364645 1397670887
978611996 1877060702
654535647 423428372
154290747 1556605449
382268543 1242249023
868055759 1720116656
377193271 639762306
1860419331 193024888
1844052301 1317361579
1746151126 86981498
1119084313 1733534911
260933277 92359747
404197002 1741081971
1353542015 1625833811
333218 1562359986
1951300599 109005214
1906281717 1523628058
317154902 1653014030
167066158 949534334
52727615 1564119038
133035659 783362661
1093688873 1092953024
1937291612 1185587337
1078579681 1292772121
615679623 721968730
1550997253 677895104
398596359 112471161
1529699978 1250292194
1983553897 883168573
1811138614 1837573793
1280065613 1357958961
730803494 123156112
409691371 116577172
1125687882 1968351289
1832314763 1382179031
1840464612 1168008855
238564364 333261091
1801200397 1314922396
1585087582 1971016913
1903601200 1989274284
1355563784 404147439
1061673357 561146656
1837080995 1850982850
177840823 754052805
751440732 146179390
437488151 310388826
816472950 1338674576
266147174 1785854485
900015046 19467157
703864375 1664904223
218576693 1773241696
454911083 1519118099
655439938 1824118968
1230062778 207278723
1860534141 370215319
1249657649 1722657651
27355661 1195619500
340252078 1264466652
73612331 1292691930
1225544294 622048299
1050590117 11821751
1122767456 1629049791
52371036 258279694
1659369464 726664558
1310203078 5725533
1919280477 859620096
94308460 1027947864
834589458 924486323
425629293 1842951780
1431051889 1241518517
185474554 416380956
1482431523 1945352877
1428899544 530832080
1645167273 92921907
1697840097 1182916097
1273814231 1682590548
1080104323 930248423
1884309587 517711375
994067519 1480054507
947792922 1525176794
108687147 1617350189
1154348796 1481765405
1428579953 1391231487
335916571 840284853
1747319246 1872927591
1161973616 1416808051
1953652500 149595553
76702790 1269978523
163722408 836573339
661757885 923563110
1275295748 1410700152
815944008 1386209664
1563625526 1523845902
1223476015 37779594
866452575 1790300264
331213070 774672537
1815749174 820119364
510482004 1909545653
772353155 213114005
839954629 273930331
644727204 552754434
784896761 1331455484
1369437707 592884581
63942363 1199627644
825531069 1029154638
1454413866 1710242995
256094164 471830398
746048251 392908783
1818801919 155898988
118539829 1031925872
1088664061 975012547
1111650835 568523499
930574630 227647970
1770029734 121344520
764515810 385358427
1488260689 1474521316
1002788143 1186733172
514705483 95602064
1711680031 1419134633
820061984 354698128
1579218007 1453290536
2631473 455120476
1570592402 265092947
1201725743 643293154
110908700 755058754
1200182436 16443138
1024694360 1169102654
1386958442 1553312273
1393394491 121473863
1449212721 291673431
977452494 1032420495
1281662462 1838408081
1772672943 1975525117
736941734 623233647
678016656 1447179435
1981818967 1628307735
507771063 804409449
232106000 1587836576
513990525 1206093879
1588097828 25659032
1677125071 433715151
416270780 1156448639
488118960 413488920
1253906769 460420938
1156700085 1635331252
775122742 229846496
1168781191 137628787
1054722828 643931040
521982053 335791582
656766283 568972762
1799975583 164112045
1030596032 1599018833
1261062940 1628848465
137709065 456156864
1639970261 483290987
1649161243 1512512849
908704856 1926500435
40422589 542079271
1473121350 383638418
936844810 1925055446
1302709717 1708959592
1629583859 13587685
346576462 1578811207
1729840315 1613202515
283538064 330412629
1621939065 1266376975
419393931 292167150
382650009 1684747135
858015430 424526880
1322556507 916648954
817633498 610499118
1142632275 1868330318
1247217653 1405719310
1892692199 1793411899
1989452888 717081067
461723604 397154549
321122521 538724515
1891028650 1117675430
361262434 1214248521
306776651 1037328617
837725552 1233385892
1816969328 953673040
475929237 1044685743
419108388 346997472
135937782 1416526359
147211847 348982160
63382477 1384942016
171002892 480564174
1451072488 102734145
1928413563 299001081
168259112 1911276387
30014960 1329809383
1593854979 1756485029
1692908698 714924897
1784941571 119877307
700666621 306558627
1589903429 1000715531
1354393456 911506397
763382011 908130606
821477280 38677172
747623146 928630901
1353107211 137532097
1343561197 1548830562
1426737542 1501569553
1455607664 1894705194
1388089784 662905763
680948981 1921994042
1491158940 540908013
1579403923 963680175
1904769795 612293976
1829887346 469148124
1958729232 956560063
807555664 469547464
50884538 1540438516
40794111 1554262957
1339809357 1653591099
150913508 593073275
1192164841 1755589325
857071226 1421702226
968658690 1271052631
1226536397 1080856843
1921943774 34224248
1957106688 815921328
1833087002 266874950
752837575 492599296
417775910 83054282
781656301 139623660
627340996 1743313535
1119270608 1793794333
1982822541 1577643223
704861920 850847851
1129718124 40088758
1480153892 856755047
115608096 776027381
1956123828 733449682
860020671 417325792
614011456 83696932
529193518 900921529
1122499207 1323854598
1798387369 483645491
143871713 1063098328
594152001 757708023
1902517686 1188796716
317054041 1383876386
1805231365 1169940553
1772504361 1339210181
180938974 1374309545
95417403 1633441124
191081960 1637209723
912001777 1191732856
1430362076 1840569633
227812093 1039015917
1900559367 1505187251
1773599974 1381087652
1600827340 98304379
1055760010 1035720434
1008119584 1169955959
387901847 1766189344
1601230605 770718683
387231248 1363423721
1251893295 1775236236
1228067022 1712670206
879872314 255630757
775999996 747442053
892499314 1553437430
413251482 825794710
1562293041 1399791488
1539585020 482732477
571679332 298899450
1896586312 1419298939
1138211599 546591055
570922747 1732082117
620352453 689881886
1454981733 1003582595
1604327472 690764345
64847656 987548690
672121743 910480166
720694973 478245571
1304581939 1972912289
284436975 744886362
1360556289 1370366488
520558429 1128591
161631731 858824238
1456662012 1403652496
361827479 1380856120
1573012372 1327654525
1129557902 888998851
357456702 1644574187
1623668750 583422220
732904428 1572428898
1726369889 1858855302
298450657 1001902815
475516516 837291352
1549157941 457143635
1141577225 1101756124
1038088018 1108631841
170972117 761764130
1416887674 592434084
1990128482 1029950058
522537022 1254246567
646582750 1440442030
64964104 280117483
1187788939 1666159126
1493999250 680160420
375031613 747227009
762414445 1943890428
